10.589	14.833	36.000	0.86090	0.57817
10.589	14.773	36.000	0.85110	0.58415
10.589	14.714	36.000	0.84150	0.58970
10.589	14.655	36.000	0.83200	0.59556
10.589	14.596	36.000	0.82260	0.60132
10.589	14.537	36.000	0.81320	0.60687
10.589	14.477	36.000	0.80400	0.61234
10.589	14.418	36.000	0.79480	0.61804
10.589	14.359	36.000	0.78580	0.62365
10.589	14.300	36.000	0.77680	0.62899
10.589	14.240	36.000	0.76790	0.63463
10.589	14.181	36.000	0.75910	0.64005
10.589	14.122	36.000	0.75040	0.64523
10.589	14.063	36.000	0.74180	0.65070
10.589	14.004	36.000	0.73320	0.65581
10.589	13.944	36.000	0.72470	0.66122
10.589	13.885	36.000	0.71630	0.66633
10.589	13.826	36.000	0.70800	0.67173
10.589	13.767	36.000	0.69970	0.67669
10.589	13.708	36.000	0.69150	0.68263
10.589	13.648	36.000	0.68340	0.68766
10.589	13.589	36.000	0.67540	0.69272
10.589	13.530	36.000	0.66740	0.69702
10.589	13.471	36.000	0.65950	0.70197
10.589	13.411	36.000	0.65160	0.70680
10.589	13.352	36.000	0.64390	0.71181
10.589	13.293	36.000	0.63610	0.71649
10.589	13.234	36.000	0.62850	0.72134
10.589	13.175	36.000	0.62090	0.72603
10.589	13.115	36.000	0.61340	0.73076
10.589	13.056	36.000	0.60590	0.73540
10.589	12.997	36.000	0.59850	0.74008
10.589	12.938	36.000	0.59110	0.74455
10.589	12.879	36.000	0.58380	0.74904
10.589	12.819	36.000	0.57660	0.75353
10.589	12.760	36.000	0.56940	0.75799
10.589	12.701	36.000	0.56230	0.76244
10.589	12.642	36.000	0.55520	0.76674
10.589	12.582	36.000	0.54820	0.77114
10.589	12.523	36.000	0.54120	0.77536
10.589	12.464	36.000	0.53430	0.77954
10.589	12.405	36.000	0.52740	0.78366
10.589	12.346	36.000	0.52060	0.78783
10.589	12.286	36.000	0.51380	0.79192
10.589	12.227	36.000	0.50710	0.79595
10.589	12.168	36.000	0.50050	0.80003
10.589	12.109	36.000	0.49390	0.80400
10.589	12.050	36.000	0.48730	0.80799
10.589	11.990	36.000	0.48080	0.81189
10.589	11.931	36.000	0.47430	0.81565
10.589	11.872	36.000	0.46790	0.81944
10.589	11.813	36.000	0.46150	0.82323
10.589	11.753	36.000	0.45520	0.82703
10.589	11.694	36.000	0.44890	0.83053
10.589	11.635	36.000	0.44270	0.83434
10.589	11.576	36.000	0.43650	0.83797
10.589	11.517	36.000	0.43040	0.84161
10.589	11.457	36.000	0.42430	0.84522
10.589	11.398	36.000	0.41830	0.84882
10.589	11.339	36.000	0.41230	0.85221
10.589	11.280	36.000	0.40630	0.85555
10.589	11.221	36.000	0.40040	0.85923
10.589	11.161	36.000	0.39460	0.86270
10.589	11.102	36.000	0.38880	0.86612
10.589	11.043	36.000	0.38300	0.86927
10.589	10.984	36.000	0.37730	0.87277
10.589	10.924	36.000	0.37160	0.87600
10.589	10.865	36.000	0.36600	0.87917
10.589	10.806	36.000	0.36040	0.88247
10.589	10.747	36.000	0.35480	0.88700
10.589	10.688	36.000	0.34930	0.88880
10.589	10.628	36.000	0.34390	0.89209
10.589	10.569	36.000	0.33850	0.89527
10.589	10.510	36.000	0.33310	0.89809
10.589	10.451	36.000	0.32780	0.90129
10.589	10.392	36.000	0.32250	0.90437
10.589	10.332	36.000	0.31730	0.90761
10.589	10.273	36.000	0.31210	0.91044
10.589	10.214	36.000	0.30700	0.91369
10.589	10.155	36.000	0.30190	0.91679
10.589	10.095	36.000	0.29680	0.91945
10.589	10.036	36.000	0.29180	0.92254
10.589	9.977	36.000	0.28680	0.92576
10.589	9.918	36.000	0.28180	0.92850
10.589	9.859	36.000	0.27670	0.93134
10.589	9.799	36.000	0.27170	0.93400
10.589	9.740	36.000	0.26670	0.93645
10.589	9.681	36.000	0.26180	0.93936
10.589	9.622	36.000	0.25690	0.94172
10.589	9.563	36.000	0.25200	0.94417
10.589	9.503	36.000	0.24720	0.94713
10.589	9.444	36.000	0.24240	0.94984
10.589	9.385	36.000	0.23770	0.95271
10.589	9.326	36.000	0.23290	0.95451
10.589	9.266	36.000	0.22830	0.95723
10.589	9.207	36.000	0.22360	0.95966
10.589	9.148	36.000	0.21900	0.96221
10.589	9.089	36.000	0.21450	0.96448
10.589	9.030	36.000	0.21000	0.96685
10.589	8.970	36.000	0.20550	0.96888
10.589	8.911	36.000	0.20110	0.97150
10.589	8.852	36.000	0.19670	0.97328
10.589	8.793	36.000	0.19240	0.97566
10.589	8.734	36.000	0.18810	0.97765
10.589	8.674	36.000	0.18390	0.98028
10.589	8.615	36.000	0.17970	0.98358
10.589	8.556	36.000	0.17560	0.98596
10.589	8.497	36.000	0.17150	0.98790
10.589	8.437	36.000	0.16750	0.98878
10.589	8.378	36.000	0.16350	0.99031
10.589	8.319	36.000	0.15960	0.99254
10.589	8.260	36.000	0.15570	0.99425
10.589	8.201	36.000	0.15190	0.99607
10.589	8.141	36.000	0.14810	0.99798
10.589	8.082	36.000	0.14440	1.00000
10.589	8.023	36.000	0.14080	1.00142
10.589	7.964	36.000	0.13730	1.00292
10.589	7.905	36.000	0.13410	1.00600
10.589	7.845	36.000	0.13080	1.00848
10.589	7.786	36.000	0.12760	1.01029
10.589	7.727	36.000	0.12450	1.01302
10.589	7.668	36.000	0.12140	1.01505
10.589	7.608	36.000	0.11830	1.01720
10.589	7.549	36.000	0.11540	1.02034
10.589	7.490	36.000	0.11240	1.02182
10.589	7.431	36.000	0.10950	1.02336
10.589	7.372	36.000	0.10670	1.02596
10.589	7.312	36.000	0.10390	1.02871
10.589	7.253	36.000	0.10120	1.03065
10.589	7.194	36.000	0.09851	1.03282
10.589	7.135	36.000	0.09587	1.03498
10.589	7.076	36.000	0.09329	1.03725
10.589	7.016	36.000	0.09075	1.03952
10.589	6.957	36.000	0.08826	1.04191
10.589	6.898	36.000	0.08581	1.04404
10.589	6.839	36.000	0.08342	1.04641
10.589	6.779	36.000	0.08106	1.04851
10.589	6.720	36.000	0.07876	1.05083
10.589	6.661	36.000	0.07650	1.05314
10.589	6.602	36.000	0.07428	1.05541
10.589	6.543	36.000	0.07211	1.05764
10.589	6.483	36.000	0.06999	1.05997
10.589	6.424	36.000	0.06791	1.06226
10.589	6.365	36.000	0.06587	1.06465
10.589	6.306	36.000	0.06387	1.06699
10.589	6.247	36.000	0.06192	1.06925
10.589	6.187	36.000	0.06000	1.07143
10.589	6.128	36.000	0.05813	1.07370
10.589	6.069	36.000	0.05630	1.07607
10.589	6.010	36.000	0.05451	1.07834
10.589	5.950	36.000	0.05276	1.08070
10.589	5.891	36.000	0.05105	1.08317
10.589	5.832	36.000	0.04938	1.08551
10.589	5.773	36.000	0.04774	1.08747
10.589	5.714	36.000	0.04615	1.08999
10.589	5.654	36.000	0.04459	1.09236
10.589	5.595	36.000	0.04307	1.09454
10.589	5.536	36.000	0.04159	1.09707
10.589	5.477	36.000	0.04014	1.09912
10.589	5.418	36.000	0.03873	1.10154
10.589	5.358	36.000	0.03736	1.10402
10.589	5.299	36.000	0.03602	1.10661
10.589	5.240	36.000	0.03471	1.10859
10.589	5.181	36.000	0.03344	1.11096
10.589	5.121	36.000	0.03221	1.11338
10.589	5.062	36.000	0.03100	1.11551
10.589	5.003	36.000	0.02984	1.11802
10.589	4.944	36.000	0.02870	1.12022
10.589	4.885	36.000	0.02760	1.12286
10.589	4.825	36.000	0.02653	1.12511
10.589	4.766	36.000	0.02549	1.12738
10.589	4.707	36.000	0.02448	1.12967
10.589	4.648	36.000	0.02351	1.13192
10.589	4.589	36.000	0.02257	1.13474
10.589	4.529	36.000	0.02166	1.13701
10.589	4.470	36.000	0.02078	1.13988
10.589	4.411	36.000	0.01993	1.14212
10.589	4.352	36.000	0.01911	1.14500
10.589	4.292	36.000	0.01832	1.14715
10.589	4.233	36.000	0.01756	1.14997
10.589	4.174	36.000	0.01683	1.15274
10.589	4.115	36.000	0.01613	1.15627
10.589	4.056	36.000	0.01545	1.15991
10.589	3.996	36.000	0.01480	1.16352
10.589	3.937	36.000	0.01417	1.16722
10.589	3.878	36.000	0.01355	1.17012
10.589	3.819	36.000	0.01296	1.17498
10.589	3.760	36.000	0.01237	1.17810
10.589	3.700	36.000	0.01179	1.18172
10.589	3.641	36.000	0.01122	1.18529
10.589	3.582	36.000	0.01066	1.18907
10.589	3.523	36.000	0.01010	1.19160
10.589	3.463	36.000	0.00955	1.19362
10.589	3.404	36.000	0.00901	1.19520
10.589	3.345	36.000	0.00850	1.19578
10.589	3.286	36.000	0.00801	1.19582
10.589	3.227	36.000	0.00755	1.19563
10.589	3.167	36.000	0.00715	1.19559
10.589	3.108	36.000	0.00682	1.19691
10.589	3.049	36.000	0.00659	1.20248
10.589	2.990	36.000	0.00648	1.21569
10.589	2.931	36.000	0.00646	1.23959
10.589	2.871	36.000	0.00633	1.26549
10.589	2.812	36.000	0.00589	1.27797
10.589	2.753	36.000	0.00527	1.27568
10.589	2.694	36.000	0.00463	1.26530
10.589	2.634	36.000	0.00408	1.25230
10.589	2.575	36.000	0.00364	1.23995
10.589	2.516	36.000	0.00330	1.23022
10.589	2.457	36.000	0.00305	1.22588
10.589	2.398	36.000	0.00290	1.23038
10.589	2.338	36.000	0.00286	1.25252
10.589	2.279	36.000	0.00284	1.29117
10.589	2.220	36.000	0.00259	1.31007
10.589	2.161	36.000	0.00218	1.29513
10.589	2.102	36.000	0.00186	1.27648
10.589	2.042	36.000	0.00163	1.26630
10.589	1.983	36.000	0.00146	1.26448
10.589	1.924	36.000	0.00132	1.26775
10.589	1.865	36.000	0.00118	1.26988
10.589	1.805	36.000	0.00104	1.26819
10.589	1.746	36.000	0.00088	1.25479
10.589	1.687	36.000	0.00073	1.22777
10.589	1.628	36.000	0.00061	1.19194
10.589	1.569	36.000	0.00052	1.16261
10.589	1.509	36.000	0.00046	1.15226
10.589	1.450	36.000	0.00038	1.11917
10.589	1.391	36.000	0.00025	0.97024
10.589	1.332	36.000	0.00013	0.68967
10.589	1.273	36.000	0.00006	0.36443
10.589	1.213	36.000	0.00002	0.11059
10.589	1.154	36.000	0.00000	0.00000
10.589	1.095	36.000	0.00000	0.00000
10.589	1.036	36.000	0.00000	0.00000
10.589	0.976	36.000	0.00000	0.00000
10.589	0.917	36.000	0.00000	0.00000
