10.589	15.047	35.000	0.97170	0.56396
10.589	14.990	35.000	0.96130	0.56983
10.589	14.933	35.000	0.95100	0.57567
10.589	14.876	35.000	0.94090	0.58152
10.589	14.819	35.000	0.93080	0.58689
10.589	14.762	35.000	0.92080	0.59254
10.589	14.705	35.000	0.91100	0.59816
10.589	14.648	35.000	0.90120	0.60362
10.589	14.591	35.000	0.89160	0.60902
10.589	14.534	35.000	0.88200	0.61635
10.589	14.477	35.000	0.87250	0.62188
10.589	14.419	35.000	0.86310	0.62498
10.589	14.362	35.000	0.85380	0.63058
10.589	14.305	35.000	0.84460	0.63599
10.589	14.248	35.000	0.83550	0.64121
10.589	14.191	35.000	0.82650	0.64621
10.589	14.134	35.000	0.81750	0.65139
10.589	14.077	35.000	0.80860	0.65686
10.589	14.020	35.000	0.79980	0.66154
10.589	13.963	35.000	0.79110	0.66647
10.589	13.906	35.000	0.78240	0.67159
10.589	13.849	35.000	0.77380	0.67640
10.589	13.792	35.000	0.76530	0.68148
10.589	13.735	35.000	0.75690	0.68747
10.589	13.678	35.000	0.74850	0.69241
10.589	13.621	35.000	0.74020	0.69699
10.589	13.563	35.000	0.73190	0.70173
10.589	13.506	35.000	0.72380	0.70546
10.589	13.449	35.000	0.71570	0.71072
10.589	13.392	35.000	0.70760	0.71511
10.589	13.335	35.000	0.69960	0.71975
10.589	13.278	35.000	0.69170	0.72437
10.589	13.221	35.000	0.68380	0.72884
10.589	13.164	35.000	0.67600	0.73335
10.589	13.107	35.000	0.66830	0.73788
10.589	13.050	35.000	0.66060	0.74225
10.589	12.993	35.000	0.65300	0.74671
10.589	12.936	35.000	0.64540	0.75099
10.589	12.879	35.000	0.63790	0.75536
10.589	12.822	35.000	0.63040	0.75952
10.589	12.765	35.000	0.62300	0.76376
10.589	12.707	35.000	0.61560	0.76787
10.589	12.650	35.000	0.60830	0.77205
10.589	12.593	35.000	0.60110	0.77621
10.589	12.536	35.000	0.59390	0.78032
10.589	12.479	35.000	0.58670	0.78425
10.589	12.422	35.000	0.57960	0.78825
10.589	12.365	35.000	0.57250	0.79206
10.589	12.308	35.000	0.56550	0.79603
10.589	12.251	35.000	0.55860	0.79994
10.589	12.194	35.000	0.55170	0.80376
10.589	12.137	35.000	0.54480	0.80759
10.589	12.080	35.000	0.53800	0.81134
10.589	12.023	35.000	0.53120	0.81497
10.589	11.966	35.000	0.52450	0.81864
10.589	11.909	35.000	0.51780	0.82230
10.589	11.851	35.000	0.51120	0.82598
10.589	11.794	35.000	0.50460	0.82952
10.589	11.737	35.000	0.49810	0.83308
10.589	11.680	35.000	0.49160	0.83648
10.589	11.623	35.000	0.48520	0.84017
10.589	11.566	35.000	0.47880	0.84355
10.589	11.509	35.000	0.47240	0.84690
10.589	11.452	35.000	0.46610	0.85024
10.589	11.395	35.000	0.45980	0.85354
10.589	11.338	35.000	0.45360	0.85698
10.589	11.281	35.000	0.44740	0.86022
10.589	11.224	35.000	0.44130	0.86360
10.589	11.167	35.000	0.43520	0.86676
10.589	11.110	35.000	0.42920	0.87006
10.589	11.052	35.000	0.42310	0.87327
10.589	10.995	35.000	0.41720	0.87647
10.589	10.938	35.000	0.41130	0.87941
10.589	10.881	35.000	0.40540	0.88246
10.589	10.824	35.000	0.39960	0.88564
10.589	10.767	35.000	0.39380	0.89014
10.589	10.710	35.000	0.38800	0.89277
10.589	10.653	35.000	0.38230	0.89469
10.589	10.596	35.000	0.37670	0.89776
10.589	10.539	35.000	0.37100	0.90049
10.589	10.482	35.000	0.36550	0.90358
10.589	10.425	35.000	0.35990	0.90632
10.589	10.368	35.000	0.35440	0.90942
10.589	10.311	35.000	0.34900	0.91242
10.589	10.254	35.000	0.34360	0.91529
10.589	10.196	35.000	0.33820	0.91802
10.589	10.139	35.000	0.33290	0.92089
10.589	10.082	35.000	0.32760	0.92360
10.589	10.025	35.000	0.32240	0.92670
10.589	9.968	35.000	0.31720	0.92966
10.589	9.911	35.000	0.31190	0.93216
10.589	9.854	35.000	0.30660	0.93447
10.589	9.797	35.000	0.30140	0.93719
10.589	9.740	35.000	0.29620	0.93972
10.589	9.683	35.000	0.29110	0.94238
10.589	9.626	35.000	0.28600	0.94514
10.589	9.569	35.000	0.28090	0.94739
10.589	9.512	35.000	0.27580	0.94972
10.589	9.455	35.000	0.27080	0.95251
10.589	9.398	35.000	0.26580	0.95508
10.589	9.340	35.000	0.26090	0.95743
10.589	9.283	35.000	0.25600	0.95988
10.589	9.226	35.000	0.25110	0.96207
10.589	9.169	35.000	0.24630	0.96437
10.589	9.112	35.000	0.24150	0.96677
10.589	9.055	35.000	0.23680	0.96930
10.589	8.998	35.000	0.23210	0.97154
10.589	8.941	35.000	0.22740	0.97346
10.589	8.884	35.000	0.22280	0.97591
10.589	8.827	35.000	0.21820	0.97760
10.589	8.770	35.000	0.21370	0.98028
10.589	8.713	35.000	0.20920	0.98216
10.589	8.656	35.000	0.20480	0.98414
10.589	8.599	35.000	0.20040	0.98768
10.589	8.541	35.000	0.19600	0.98990
10.589	8.484	35.000	0.19170	0.99172
10.589	8.427	35.000	0.18750	0.99259
10.589	8.370	35.000	0.18330	0.99457
10.589	8.313	35.000	0.17910	0.99611
10.589	8.256	35.000	0.17500	0.99772
10.589	8.199	35.000	0.17100	1.00000
10.589	8.142	35.000	0.16700	1.00180
10.589	8.085	35.000	0.16310	1.00369
10.589	8.028	35.000	0.15920	1.00505
10.589	7.971	35.000	0.15550	1.00712
10.589	7.914	35.000	0.15200	1.00930
10.589	7.857	35.000	0.14850	1.01158
10.589	7.800	35.000	0.14500	1.01328
10.589	7.743	35.000	0.14160	1.01505
10.589	7.685	35.000	0.13830	1.01766
10.589	7.628	35.000	0.13500	1.01964
10.589	7.571	35.000	0.13180	1.02250
10.589	7.514	35.000	0.12860	1.02389
10.589	7.457	35.000	0.12550	1.02700
10.589	7.400	35.000	0.12240	1.02857
10.589	7.343	35.000	0.11940	1.03109
10.589	7.286	35.000	0.11640	1.03283
10.589	7.229	35.000	0.11350	1.03464
10.589	7.172	35.000	0.11060	1.03655
10.589	7.115	35.000	0.10780	1.03954
10.589	7.058	35.000	0.10500	1.04063
10.589	7.001	35.000	0.10230	1.04356
10.589	6.944	35.000	0.09962	1.04566
10.589	6.887	35.000	0.09698	1.04775
10.589	6.829	35.000	0.09440	1.05006
10.589	6.772	35.000	0.09186	1.05223
10.589	6.715	35.000	0.08937	1.05439
10.589	6.658	35.000	0.08692	1.05652
10.589	6.601	35.000	0.08452	1.05875
10.589	6.544	35.000	0.08216	1.06081
10.589	6.487	35.000	0.07985	1.06311
10.589	6.430	35.000	0.07758	1.06522
10.589	6.373	35.000	0.07536	1.06742
10.589	6.316	35.000	0.07318	1.06957
10.589	6.259	35.000	0.07105	1.07181
10.589	6.202	35.000	0.06896	1.07414
10.589	6.145	35.000	0.06691	1.07624
10.589	6.088	35.000	0.06490	1.07843
10.589	6.031	35.000	0.06293	1.08071
10.589	5.973	35.000	0.06101	1.08289
10.589	5.916	35.000	0.05912	1.08497
10.589	5.859	35.000	0.05728	1.08732
10.589	5.802	35.000	0.05548	1.08955
10.589	5.745	35.000	0.05371	1.09167
10.589	5.688	35.000	0.05199	1.09407
10.589	5.631	35.000	0.05030	1.09634
10.589	5.574	35.000	0.04866	1.09867
10.589	5.517	35.000	0.04705	1.10084
10.589	5.460	35.000	0.04547	1.10284
10.589	5.403	35.000	0.04394	1.10513
10.589	5.346	35.000	0.04244	1.10723
10.589	5.289	35.000	0.04098	1.10997
10.589	5.232	35.000	0.03955	1.11189
10.589	5.174	35.000	0.03816	1.11384
10.589	5.117	35.000	0.03681	1.11647
10.589	5.060	35.000	0.03549	1.11850
10.589	5.003	35.000	0.03421	1.12090
10.589	4.946	35.000	0.03296	1.12300
10.589	4.889	35.000	0.03174	1.12513
10.589	4.832	35.000	0.03056	1.12768
10.589	4.775	35.000	0.02942	1.13023
10.589	4.718	35.000	0.02830	1.13200
10.589	4.661	35.000	0.02722	1.13417
10.589	4.604	35.000	0.02618	1.13678
10.589	4.547	35.000	0.02516	1.13898
10.589	4.490	35.000	0.02418	1.14164
10.589	4.433	35.000	0.02323	1.14377
10.589	4.376	35.000	0.02231	1.14645
10.589	4.318	35.000	0.02143	1.14906
10.589	4.261	35.000	0.02058	1.15230
10.589	4.204	35.000	0.01975	1.15430
10.589	4.147	35.000	0.01896	1.15751
10.589	4.090	35.000	0.01819	1.16008
10.589	4.033	35.000	0.01746	1.16400
10.589	3.976	35.000	0.01674	1.16736
10.589	3.919	35.000	0.01605	1.17068
10.589	3.862	35.000	0.01537	1.17418
10.589	3.805	35.000	0.01472	1.17854
10.589	3.748	35.000	0.01407	1.18235
10.589	3.691	35.000	0.01343	1.18640
10.589	3.634	35.000	0.01280	1.18959
10.589	3.577	35.000	0.01217	1.19314
10.589	3.520	35.000	0.01155	1.19540
10.589	3.462	35.000	0.01094	1.19772
10.589	3.405	35.000	0.01034	1.19926
10.589	3.348	35.000	0.00976	1.20057
10.589	3.291	35.000	0.00921	1.20078
10.589	3.234	35.000	0.00869	1.20086
10.589	3.177	35.000	0.00822	1.20082
10.589	3.120	35.000	0.00781	1.20145
10.589	3.063	35.000	0.00749	1.20476
10.589	3.006	35.000	0.00728	1.21361
10.589	2.949	35.000	0.00717	1.23040
10.589	2.892	35.000	0.00705	1.25302
10.589	2.835	35.000	0.00671	1.26868
10.589	2.778	35.000	0.00612	1.27159
10.589	2.721	35.000	0.00547	1.26560
10.589	2.663	35.000	0.00487	1.25470
10.589	2.606	35.000	0.00435	1.24329
10.589	2.549	35.000	0.00394	1.23327
10.589	2.492	35.000	0.00363	1.22684
10.589	2.435	35.000	0.00341	1.22546
10.589	2.378	35.000	0.00329	1.23556
10.589	2.321	35.000	0.00329	1.26385
10.589	2.264	35.000	0.00323	1.30165
10.589	2.207	35.000	0.00288	1.31031
10.589	2.150	35.000	0.00243	1.29262
10.589	2.093	35.000	0.00209	1.27605
10.589	2.036	35.000	0.00186	1.26708
10.589	1.979	35.000	0.00167	1.26551
10.589	1.922	35.000	0.00152	1.26946
10.589	1.865	35.000	0.00136	1.27120
10.589	1.807	35.000	0.00120	1.26872
10.589	1.750	35.000	0.00103	1.25668
10.589	1.693	35.000	0.00087	1.23259
10.589	1.636	35.000	0.00073	1.19914
10.589	1.579	35.000	0.00062	1.16985
10.589	1.522	35.000	0.00056	1.15925
10.589	1.465	35.000	0.00048	1.14320
10.589	1.408	35.000	0.00034	1.03874
10.589	1.351	35.000	0.00020	0.80196
10.589	1.294	35.000	0.00009	0.48747
10.589	1.237	35.000	0.00003	0.20052
10.589	1.180	35.000	0.00001	0.02844
10.589	1.123	35.000	0.00000	0.00000
10.589	1.066	35.000	0.00000	0.00000
10.589	1.009	35.000	0.00000	0.00000
10.589	0.951	35.000	0.00000	0.00000
10.589	0.894	35.000	0.00000	0.00000
