10.589	13.438	42.000	0.41660	0.65907
10.589	13.364	42.000	0.40990	0.66553
10.589	13.291	42.000	0.40320	0.67178
10.589	13.218	42.000	0.39660	0.67795
10.589	13.145	42.000	0.39010	0.68427
10.589	13.072	42.000	0.38360	0.69030
10.589	12.999	42.000	0.37720	0.69633
10.589	12.925	42.000	0.37090	0.70233
10.589	12.852	42.000	0.36470	0.70829
10.589	12.779	42.000	0.35850	0.71414
10.589	12.706	42.000	0.35240	0.72007
10.589	12.633	42.000	0.34640	0.72590
10.589	12.560	42.000	0.34040	0.73157
10.589	12.486	42.000	0.33450	0.73727
10.589	12.413	42.000	0.32860	0.74277
10.589	12.340	42.000	0.32290	0.74849
10.589	12.267	42.000	0.31710	0.75374
10.589	12.194	42.000	0.31150	0.75920
10.589	12.121	42.000	0.30590	0.76456
10.589	12.047	42.000	0.30040	0.77006
10.589	11.974	42.000	0.29490	0.77503
10.589	11.901	42.000	0.28950	0.78032
10.589	11.828	42.000	0.28410	0.78524
10.589	11.755	42.000	0.27890	0.79053
10.589	11.682	42.000	0.27360	0.79535
10.589	11.608	42.000	0.26850	0.80054
10.589	11.535	42.000	0.26340	0.80550
10.589	11.462	42.000	0.25830	0.81023
10.589	11.389	42.000	0.25330	0.81526
10.589	11.316	42.000	0.24840	0.82007
10.589	11.243	42.000	0.24350	0.82459
10.589	11.169	42.000	0.23870	0.82940
10.589	11.096	42.000	0.23390	0.83387
10.589	11.023	42.000	0.22920	0.83864
10.589	10.950	42.000	0.22450	0.84303
10.589	10.877	42.000	0.21990	0.84740
10.589	10.804	42.000	0.21540	0.85206
10.589	10.730	42.000	0.21090	0.85627
10.589	10.657	42.000	0.20650	0.86078
10.589	10.584	42.000	0.20210	0.86515
10.589	10.511	42.000	0.19780	0.86945
10.589	10.438	42.000	0.19350	0.87359
10.589	10.365	42.000	0.18930	0.87801
10.589	10.291	42.000	0.18510	0.88227
10.589	10.218	42.000	0.18100	0.88639
10.589	10.145	42.000	0.17700	0.89079
10.589	10.072	42.000	0.17300	0.89498
10.589	9.999	42.000	0.16900	0.89941
10.589	9.926	42.000	0.16490	0.90307
10.589	9.852	42.000	0.16080	0.90694
10.589	9.779	42.000	0.15670	0.90999
10.589	9.706	42.000	0.15270	0.91382
10.589	9.633	42.000	0.14870	0.91677
10.589	9.560	42.000	0.14480	0.91995
10.589	9.487	42.000	0.14090	0.92333
10.589	9.414	42.000	0.13710	0.92698
10.589	9.340	42.000	0.13330	0.92957
10.589	9.267	42.000	0.12960	0.93305
10.589	9.194	42.000	0.12600	0.93680
10.589	9.121	42.000	0.12230	0.93860
10.589	9.048	42.000	0.11880	0.94211
10.589	8.975	42.000	0.11530	0.94508
10.589	8.901	42.000	0.11190	0.94831
10.589	8.828	42.000	0.10850	0.95092
10.589	8.755	42.000	0.10520	0.95376
10.589	8.682	42.000	0.10190	0.95771
10.589	8.609	42.000	0.09871	0.95835
10.589	8.536	42.000	0.09557	0.96099
10.589	8.462	42.000	0.09249	0.96344
10.589	8.389	42.000	0.08948	0.96579
10.589	8.316	42.000	0.08653	0.96811
10.589	8.243	42.000	0.08364	0.97019
10.589	8.170	42.000	0.08082	0.97233
10.589	8.097	42.000	0.07806	0.97429
10.589	8.023	42.000	0.07536	0.97591
10.589	7.950	42.000	0.07291	0.97840
10.589	7.877	42.000	0.07060	0.98151
10.589	7.804	42.000	0.06834	0.98458
10.589	7.731	42.000	0.06613	0.98746
10.589	7.658	42.000	0.06397	0.99025
10.589	7.584	42.000	0.06187	0.99342
10.589	7.511	42.000	0.05982	0.99667
10.589	7.438	42.000	0.05782	0.99965
10.589	7.365	42.000	0.05587	1.00269
10.589	7.292	42.000	0.05396	1.00522
10.589	7.219	42.000	0.05211	1.00832
10.589	7.145	42.000	0.05030	1.01126
10.589	7.072	42.000	0.04854	1.01421
10.589	6.999	42.000	0.04682	1.01716
10.589	6.926	42.000	0.04515	1.02011
10.589	6.853	42.000	0.04352	1.02304
10.589	6.780	42.000	0.04194	1.02618
10.589	6.706	42.000	0.04040	1.02904
10.589	6.633	42.000	0.03890	1.03210
10.589	6.560	42.000	0.03744	1.03511
10.589	6.487	42.000	0.03603	1.03833
10.589	6.414	42.000	0.03465	1.04117
10.589	6.341	42.000	0.03331	1.04420
10.589	6.267	42.000	0.03201	1.04711
10.589	6.194	42.000	0.03075	1.05020
10.589	6.121	42.000	0.02952	1.05316
10.589	6.048	42.000	0.02833	1.05591
10.589	5.975	42.000	0.02718	1.05924
10.589	5.902	42.000	0.02606	1.06237
10.589	5.828	42.000	0.02498	1.06525
10.589	5.755	42.000	0.02393	1.06830
10.589	5.682	42.000	0.02291	1.07156
10.589	5.609	42.000	0.02192	1.07398
10.589	5.536	42.000	0.02097	1.07760
10.589	5.463	42.000	0.02005	1.08086
10.589	5.389	42.000	0.01915	1.08314
10.589	5.316	42.000	0.01829	1.08610
10.589	5.243	42.000	0.01746	1.08989
10.589	5.170	42.000	0.01665	1.09180
10.589	5.097	42.000	0.01588	1.09517
10.589	5.024	42.000	0.01513	1.09797
10.589	4.950	42.000	0.01441	1.10084
10.589	4.877	42.000	0.01372	1.10378
10.589	4.804	42.000	0.01305	1.10687
10.589	4.731	42.000	0.01241	1.11002
10.589	4.658	42.000	0.01180	1.11321
10.589	4.585	42.000	0.01121	1.11542
10.589	4.511	42.000	0.01065	1.11870
10.589	4.438	42.000	0.01011	1.12134
10.589	4.365	42.000	0.00960	1.12488
10.589	4.292	42.000	0.00911	1.12811
10.589	4.219	42.000	0.00865	1.13159
10.589	4.146	42.000	0.00821	1.13509
10.589	4.072	42.000	0.00779	1.13889
10.589	3.999	42.000	0.00739	1.14290
10.589	3.926	42.000	0.00701	1.14716
10.589	3.853	42.000	0.00664	1.15138
10.589	3.780	42.000	0.00628	1.15560
10.589	3.707	42.000	0.00594	1.15963
10.589	3.633	42.000	0.00559	1.16303
10.589	3.560	42.000	0.00526	1.16567
10.589	3.487	42.000	0.00493	1.16698
10.589	3.414	42.000	0.00461	1.16730
10.589	3.341	42.000	0.00432	1.16613
10.589	3.268	42.000	0.00406	1.16418
10.589	3.195	42.000	0.00384	1.16269
10.589	3.121	42.000	0.00372	1.16593
10.589	3.048	42.000	0.00372	1.18026
10.589	2.975	42.000	0.00390	1.21730
10.589	2.902	42.000	0.00412	1.27563
10.589	2.829	42.000	0.00390	1.31292
10.589	2.756	42.000	0.00327	1.30997
10.589	2.682	42.000	0.00265	1.28822
10.589	2.609	42.000	0.00217	1.26426
10.589	2.536	42.000	0.00184	1.24392
10.589	2.463	42.000	0.00162	1.23153
10.589	2.390	42.000	0.00148	1.23339
10.589	2.317	42.000	0.00144	1.26163
10.589	2.243	42.000	0.00135	1.29712
10.589	2.170	42.000	0.00111	1.28767
10.589	2.097	42.000	0.00091	1.26627
10.589	2.024	42.000	0.00078	1.25726
10.589	1.951	42.000	0.00068	1.25844
10.589	1.878	42.000	0.00059	1.26236
10.589	1.804	42.000	0.00050	1.26020
10.589	1.731	42.000	0.00041	1.24110
10.589	1.658	42.000	0.00032	1.20023
10.589	1.585	42.000	0.00025	1.15039
10.589	1.512	42.000	0.00021	1.11948
10.589	1.439	42.000	0.00016	1.05302
10.589	1.365	42.000	0.00009	0.80681
10.589	1.292	42.000	0.00003	0.43211
10.589	1.219	42.000	0.00001	0.11813
10.589	1.146	42.000	0.00000	0.00000
10.589	1.073	42.000	0.00000	0.00000
10.589	1.000	42.000	0.00000	0.00000
10.589	0.926	42.000	0.00000	0.00000
